孝懈锌 斜褘褋褌褉芯胁芯蟹胁芯写懈屑芯谐芯 蟹写邪薪懈褟	小褌芯懈屑芯褋褌褜 蟹邪 300屑2	小褌芯懈屑芯褋褌褜 蟹邪 600屑2	小褌芯懈屑芯褋褌褜 蟹邪 900屑2	小褌芯懈屑芯褋褌褜 蟹邪 1200屑2	小褌芯懈屑芯褋褌褜 蟹邪 1500屑2
袘褘褋褌褉芯胁芯蟹胁芯写懈屑褘械 屑械褌邪谢谢懈褔械褋泻懈械 (锌褉褟屑芯褋褌械薪薪褘械) 邪薪谐邪褉褘	    1 485 000	   2 970 000	    4 455 000	    5 940 000	    7 425 000
袘褘褋褌褉芯胁芯蟹胁芯写懈屑褘械 褋泻谢邪写褋泻懈械 锌芯屑械褖械薪懈褟 懈蟹 屑械褌邪谢谢芯泻芯薪褋褌褉褍泻褑懈泄	    1 425 000	    2 850 000	    4 275 000	    5 700 000	    7 125 000
袘褘褋褌褉芯胁芯蟹胁芯写懈屑褘械 锌褉芯懈蟹胁芯写褋褌胁械薪薪褘械 蟹写邪薪懈褟 懈 褋芯芯褉褍卸械薪懈褟	    1 185 000	    2 370 000  	    3 555 000   	    4 740 000   	    5 925 000
袣芯褉芯胁薪懈泻懈 懈蟹 袥小孝袣 屑械褌邪谢谢芯泻芯薪褋褌褉褍泻褑懈泄	    1 725 000	    3 450 000	    5 175 000	    6 900 000	    8 625 000
袘褘褔邪褌薪懈泻懈 懈蟹 袥小孝袣 屑械褌邪谢谢芯泻芯薪褋褌褉褍泻褑懈泄	    1 635 000	    3 270 000	    4 905 000	    6 540 000	    8 175 000
袩褌懈褔薪懈泻懈 懈蟹 袥小孝袣 屑械褌邪谢谢芯泻芯薪褋褌褉褍泻褑懈泄	    1 575 000	    3 150 000	    4 725 000	    6 300 000	    7 875 000
袣邪褉褌芯褎械谢械褏褉邪薪懈谢懈褖邪 懈蟹 袥小孝袣 屑械褌邪谢谢芯泻芯薪褋褌褉褍泻褑懈泄	    1 665 000	   3 330 000  	    4 995 000	    6 660 000  	   8 325 000  
袘褘褋褌褉芯胁芯蟹胁芯写懈屑褘械 薪邪胁械褋褘	    1 365 000	    2 730 000	    4 095 000	    5 460 000	    6 825 000
袨胁芯褖械褏褉邪薪懈谢懈褖邪 懈蟹 袥小孝袣 屑械褌邪谢谢芯泻芯薪褋褌褉褍泻褑懈泄	    1 485 000	   2 970 000	    4 455 000	    5 940 000	    7 425 000
孝械谢褟褌薪懈泻懈 懈蟹 袥小孝袣 屑械褌邪谢谢芯泻芯薪褋褌褉褍泻褑懈泄	    1 635 000	    3 270 000	    4 905 000	    6 540 000	    8 175 000
袣芯屑锌谢械泻褋褘 懈 褎械褉屑褘 写谢褟 袣袪小 懈蟹 袥小孝袣 屑械褌邪谢谢芯泻芯薪褋褌褉褍泻褑懈泄	    1 455 000	    2 910 000	    4 365 000	    5 820 000	    7 275 000
袘褘褋褌褉芯胁芯蟹胁芯写懈屑褘械 小孝袨 懈 邪胁褌芯褋械褉胁懈褋褘	    1 605 000	    3 210 000	    4 815 000	    6 420 000	    8 025 000
袘褘褋褌褉芯胁芯蟹胁芯写懈屑褘械 谐邪褉邪卸懈 懈蟹 袥小孝袣 屑械褌邪谢谢芯泻芯薪褋褌褉褍泻褑懈泄	    1 605 000	    3 210 000	    4 815 000	    6 420 000	   8 025 000
袘褘褋褌褉芯胁芯蟹胁芯写懈屑褘械 胁褘褋褌邪胁芯褔薪褘械 蟹邪谢褘 懈蟹 袥小孝袣 屑械褌邪谢谢芯泻芯薪褋褌褉褍泻褑懈泄	    1 635 000	    3 270 000	    4 905 000	    6 540 000	    8 175 000
袘褘褋褌褉芯胁芯蟹胁芯写懈屑褘械 邪胁褌芯屑芯泄泻懈 懈蟹 袥小孝袣 屑械褌邪谢谢芯泻芯薪褋褌褉褍泻褑懈泄	1 665 000 	    3 330 000	    4 995 000	    6 660 000	    8 325 000